407
466
129
623
315
334
875
179
701
400
958
175
72
688
884
490
568
309
596
360
626
974
527
313
782
872
470
143
827
943
40
522
97
390
950
567
371
76
714
980
718
237
188
329
845
706
756
113
821
439
645
391
557
646
9
403
983
751
20
812
871
374
248
234
639
993
348
293
39
505
793
524
839
125
973
336
26
47
778
111
144
94
721
503
914
462
762
361
681
444
895
981
672
660
673
715
211
3
33
832
65
581
89
869
300
684
341
17
440
96
840
583
182
469
261
359
936
726
628
603
709
744
555
834
489
919
990
223
848
765
592
531
233
150
931
786
49
367
886
274
828
913
62
163
576
513
976
455
866
966
970
271
438
735
203
823
647
879
197
511
495
37
132
731
494
231
447
755
736
375
331
957
748
854
716
112
551
225
351
352
246
825
126
569
960
951
283
151
189
116
916
67
868
894
180
796
173
766
593
58
296
453
119
42
107
519
30
264
912
79
402
387
29
559
580
540
11
651
723
838
417
634
539
318
945
380
622
164
614
585
133
518
472
81
270
101
253
631
753
272
243
131
212
379
278
1000
158
292
502
344
41
851
269
732
717
750
746
594
355
235
662
244
556
24
482
15
764
570
852
867
500
774
85
618
850
123
509
409
61
685
196
978
183
200
249
975
433
638
220
515
822
677
946
656
316
224
608
507
956
181
55
544
105
669
937
553
418
589
325
35
788
99
443
69
53
215
363
711
885
343
335
465
347
321
517
986
136
564
529
650
103
74
508
372
811
426
935
939
605
241
897
682
218
383
170
877
199
994
501
485
949
798
911
818
93
142
431
809
657
733
279
127
704
586
301
399
153
288
77
959
268
934
291
480
430
577
696
206
985
865
10
534
425
892
497
459
792
776
169
32
75
147
880
378
461
630
492
642
204
749
864
998
977
679
899
640
873
471
870
165
611
598
104
965
944
991
947
284
842
198
475
230
167
18
289
408
160
346
38
995
124
477
565
216
80
251
760
174
98
805
68
354
259
893
768
320
571
64
734
968
448
488
8
837
779
474
908
122
546
728
205
683
686
532
263
789
437
266
601
176
624
712
692
463
209
487
154
245
467
108
543
423
697
114
71
350
554
791
972
5
719
416
161
155
411
221
305
265
226
542
428
862
149
420
729
846
401
754
415
385
281
287
763
191
705
924
247
619
457
898
876
781
607
239
777
451
452
844
769
394
219
652
572
761
707
90
34
222
523
858
353
276
927
184
140
654
695
449
698
819
588
256
804
493
635
242
396
979
22
429
982
917
435
538
36
584
382
28
213
178
808
280
579
1
139
632
236
903
560
483
694
790
332
364
550
298
328
54
156
800
743
801
12
725
491
95
644
63
997
815
419
597
373
710
386
404
537
824
238
841
590
460
953
82
802
70
130
663
50
369
530
835
816
962
558
961
275
670
432
668
955
172
250
421
356
510
655
295
757
795
999
87
666
456
773
166
627
73
339
826
783
620
575
157
134
499
747
214
2
722
759
27
304
207
813
377
915
771
7
888
996
767
616
938
613
643
405
370
476
228
918
847
393
358
91
210
984
574
856
384
45
240
450
713
887
661
86
498
587
641
703
4
303
561
549
128
333
615
366
699
909
739
797
252
434
770
700
904
376
255
667
906
177
100
294
604
930
742
687
345
720
310
861
395
971
145
521
84
516
514
254
120
772
146
752
857
59
830
836
349
928
436
83
299
992
168
190
217
922
46
573
338
290
758
43
195
658
277
829
118
745
468
314
317
702
326
424
923
201
675
257
741
442
13
664
910
896
187
258
817
398
368
676
388
653
506
595
807
454
831
929
874
19
689
860
121
787
814
843
285
422
193
547
902
14
397
381
794
969
311
552
486
727
967
66
414
192
262
323
987
135
92
680
633
610
562
878
881
900
484
602
57
297
413
932
525
441
267
889
882
637
629
988
925
582
273
926
933
905
88
362
56
464
785
942
307
566
389
659
446
16
473
535
23
302
820
479
625
708
44
740
106
891
312
533
920
512
337
410
954
478
636
863
319
691
141
617
799
612
600
148
730
208
883
678
621
952
185
520
665
599
738
60
78
152
648
342
853
671
859
110
21
48
365
890
202
693
724
137
229
159
162
563
392
340
427
737
941
322
481
51
528
306
541
940
412
171
117
115
357
6
308
536
260
52
964
102
227
109
901
690
286
609
578
186
330
327
775
25
948
504
674
907
921
545
445
591
989
526
833
138
780
458
496
803
548
810
806
855
324
232
963
849
606
649
282
31
194
406
784